# Test condition
US  <- c(1,0,0,1,1,0,1,0,1,1,0,0,1,0,0,1,1,0, 0,0,0,0,0,0,0,0,0,0,0,0)
CS1 <- c(1,0,0,1,1,0,1,0,1,1,0,0,1,0,0,1,1,0, 1,1,0,1,0,0,1,0,1,1,0,0)
CS2 <- c(0,1,1,0,0,1,0,1,0,0,1,1,0,1,1,0,0,1, 0,0,1,0,1,1,0,1,0,0,1,1)
